# Bundle file v0.3
20 6503
3.9906402759e+03 -4.1409157651e-02 4.0519839627e-02
9.9917902071e-01 -2.2563861644e-02 -3.3647536600e-02
2.4167018779e-02 9.9855369161e-01 4.8025828283e-02
3.2515223741e-02 -4.8799560721e-02 9.9827920097e-01
9.8045262973e-01 -4.6575100210e-01 1.9083892028e-01
3.9906402759e+03 -4.1409157651e-02 4.0519839627e-02
9.9912836132e-01 -2.4863319872e-02 -3.3531074092e-02
2.6475399957e-02 9.9847113529e-01 4.8522625634e-02
3.2273376053e-02 -4.9368080034e-02 9.9825909556e-01
9.8638721521e-01 -4.5325793665e-01 1.9872824083e-01
3.9906402759e+03 -4.1409157651e-02 4.0519839627e-02
9.9788741735e-01 -1.4778469021e-02 -6.3263726928e-02
1.5634912586e-02 9.9979241835e-01 1.3064062127e-02
6.3057527702e-02 -1.4025586057e-02 9.9791133431e-01
1.0331254259e+00 -1.8799456516e-01 1.5556469402e-01
3.9906402759e+03 -4.1409157651e-02 4.0519839627e-02
9.9761868078e-01 -1.3768083211e-02 -6.7582598732e-02
1.4530606843e-02 9.9983605145e-01 1.0804243841e-02
6.7422764934e-02 -1.1760531660e-02 9.9765518124e-01
1.0228437360e+00 -1.9578857982e-01 1.4526361207e-01
3.9906402759e+03 -4.1409157651e-02 4.0519839627e-02
9.9735687850e-01 -1.5266800845e-03 -7.2642454258e-02
-4.9420998730e-03 9.9603841940e-01 -8.8786500769e-02
7.2490223903e-02 8.8910833524e-02 9.9339822384e-01
1.0700669965e+00 2.1452612422e-01 2.3848774635e-01
3.9906402759e+03 -4.1409157651e-02 4.0519839627e-02
9.9725992995e-01 -1.2309705786e-03 -7.3966998205e-02
-5.3634854537e-03 9.9602707728e-01 -8.8889225129e-02
7.3782553058e-02 8.9042383345e-02 9.9329129103e-01
1.0733558842e+00 2.1841653275e-01 2.3883886505e-01
3.9906402759e+03 -4.1409157651e-02 4.0519839627e-02
9.9976595467e-01 -2.0740209212e-03 -2.1534491580e-02
-8.0322982557e-04 9.9114921389e-01 -1.3275010596e-01
2.1619220898e-02 1.3273633356e-01 9.9091557412e-01
8.4617823534e-02 6.9421596720e-01 1.9308627580e-01
3.9906402759e+03 -4.1409157651e-02 4.0519839627e-02
9.9976972427e-01 -1.2948766201e-03 -2.1420124572e-02
-1.5875204712e-03 9.9097971508e-01 -1.3400255252e-01
2.1400425717e-02 1.3400569987e-01 9.9074946085e-01
8.0381505300e-02 6.9505981499e-01 1.9054791504e-01
3.9906402759e+03 -4.1409157651e-02 4.0519839627e-02
9.9998064433e-01 -3.2348902535e-03 5.3147390550e-03
3.2610528941e-03 9.9998257258e-01 -4.9213886563e-03
-5.2987262806e-03 4.9386250447e-03 9.9997376640e-01
-4.0969812594e-02 -5.2815736390e-03 -5.5124908134e-02
3.9906402759e+03 -4.1409157651e-02 4.0519839627e-02
9.9997257628e-01 -1.8353866888e-03 7.1748203305e-03
1.8609335649e-03 9.9999194737e-01 -3.5555764349e-03
-7.1682366966e-03 3.5688307918e-03 9.9996793940e-01
-4.6895387203e-02 -9.1509126812e-03 -7.1742358934e-02
3.9906402759e+03 -4.1409157651e-02 4.0519839627e-02
9.9977278715e-01 -5.5734443148e-03 2.0574518053e-02
4.0071298455e-03 9.9714533175e-01 7.5399802912e-02
-2.0936021232e-02 -7.5300226343e-02 9.9694110103e-01
-1.8855036582e-01 -4.8025934509e-01 -9.8301122776e-02
3.9906402759e+03 -4.1409157651e-02 4.0519839627e-02
9.9978244846e-01 -3.1064295247e-03 2.0625368971e-02
1.6009477344e-03 9.9735906127e-01 7.2610879885e-02
-2.0796459216e-02 -7.2562063138e-02 9.9714705750e-01
-2.0371591274e-01 -4.6790116583e-01 -1.0235704494e-01
3.9906402759e+03 -4.1409157651e-02 4.0519839627e-02
9.9403521966e-01 7.4698073104e-03 1.0880341935e-01
-1.4687277871e-02 9.9773228025e-01 6.5685468767e-02
-1.0806602589e-01 -6.6891695427e-02 9.9189073750e-01
-7.5030927684e-01 -3.9372659838e-01 -3.7270572725e-02
3.9906402759e+03 -4.1409157651e-02 4.0519839627e-02
9.9402861205e-01 7.8459060914e-03 1.0883731061e-01
-1.4977910604e-02 9.9778149327e-01 6.4867201827e-02
-1.0808691233e-01 -6.6110010109e-02 9.9194086817e-01
-7.6647639556e-01 -3.8413605348e-01 -4.0893287313e-02
3.9906402759e+03 -4.1409157651e-02 4.0519839627e-02
9.9208915997e-01 -1.7678457836e-02 1.2428423387e-01
1.6193130558e-02 9.9978500159e-01 1.2951181759e-02
-1.2448646988e-01 -1.0836176207e-02 9.9216213196e-01
-9.6935958410e-01 -6.1738801619e-02 -8.8180451190e-02
3.9906402759e+03 -4.1409157651e-02 4.0519839627e-02
9.9221634902e-01 -1.9248588262e-02 1.2302929967e-01
1.8004485645e-02 9.9977499319e-01 1.1216126477e-02
-1.2321751184e-01 -8.9137448033e-03 9.9233965452e-01
-9.6939688372e-01 -5.8573852326e-02 -8.7632134292e-02
3.9906402759e+03 -4.1409157651e-02 4.0519839627e-02
9.9199915731e-01 -2.8319856757e-02 1.2302706044e-01
3.4059350966e-02 9.9841510885e-01 -4.4802131912e-02
-1.2156328598e-01 4.8633898933e-02 9.9139150257e-01
-1.0479106739e+00 2.7378028340e-01 1.6904387450e-02
3.9906402759e+03 -4.1409157651e-02 4.0519839627e-02
9.9222708654e-01 -2.5815046720e-02 1.2173328259e-01
3.1669247730e-02 9.9842065537e-01 -4.6403164551e-02
-1.2034312392e-01 4.9897678252e-02 9.9147756113e-01
-1.0439990633e+00 2.8497261820e-01 1.6135534791e-02
3.9906402759e+03 -4.1409157651e-02 4.0519839627e-02
9.9368222359e-01 -1.3840977291e-02 1.1137354204e-01
2.6906870683e-02 9.9280456256e-01 -1.1668385011e-01
-1.0895714217e-01 1.1894338113e-01 9.8690466270e-01
-1.0940709526e+00 7.8782232428e-01 1.2391177386e-01
3.9906402759e+03 -4.1409157651e-02 4.0519839627e-02
9.9387424293e-01 -1.3008875312e-02 1.0974861461e-01
2.5791524261e-02 9.9292940506e-01 -1.1587059089e-01
-1.0746528054e-01 1.1799137986e-01 9.8718247946e-01
-1.0947929666e+00 7.8710350977e-01 1.2524723099e-01
-2.6742329597e+00 -1.4151085913e-01 -7.1354131699e+00
142 122 111
15 0 2 -891.9724 -442.0327 1 2 -888.2173 -440.9336 2 2 -730.2441 -127.3036 4 1 -680.6821 540.5167 5 1 -673.2415 544.0940 6 0 -1468.3434 998.4335 7 1 -1471.3436 1005.3275 8 2 -1597.7808 68.8726 9 1 -1605.7545 63.2668 11 2 -1748.8916 -489.6003 12 1 -2504.8892 -415.6565 14 2 -2688.1609 -50.3214 15 0 -2680.7493 -43.9541 16 1 -2769.1553 360.4833 17 1 -2760.9294 377.2936
-2.7942628860e+00 -1.6445505619e-01 -7.1184778214e+00
112 92 80
15 0 3 -961.2336 -457.0007 1 3 -958.9071 -456.4236 2 3 -798.4636 -141.4443 3 1 -783.6423 -134.2806 4 2 -750.6775 527.3827 5 2 -742.6558 530.5139 6 1 -1539.5917 985.5047 8 3 -1667.7417 55.9764 10 2 -1811.9854 -524.7358 12 2 -2584.1799 -429.1995 14 3 -2768.5891 -64.6528 15 1 -2760.3926 -58.3860 16 2 -2849.3115 346.0311 17 2 -2841.7515 362.7861 19 1 -2872.2729 976.7607
-4.5474296808e-01 -3.8261240721e-01 -7.3403477669e+00
133 115 102
15 0 4 365.4829 -541.8425 1 4 369.2046 -538.5105 2 4 510.2188 -239.2031 3 2 520.7212 -234.1366 6 2 -187.8154 853.9911 7 2 -190.7400 859.5582 9 2 -367.2122 -66.0546 11 3 -504.5061 -611.6660 12 3 -1169.7410 -551.3877 13 2 -1177.9420 -542.2434 14 4 -1336.4957 -162.9064 15 2 -1330.8154 -154.6514 16 3 -1390.2263 247.9954 17 3 -1382.9176 261.0717 18 1 -1393.6462 837.9364
6.1037254333e-01 -8.4056293964e-01 -7.4127402306e+00
161 140 124
14 0 5 956.3125 -774.7139 1 5 961.0959 -770.2070 7 3 399.3379 602.3741 8 4 214.1235 -297.5050 9 3 202.1711 -304.6078 10 3 75.5518 -865.4731 11 4 66.0083 -848.1299 12 4 -583.1057 -792.7021 13 3 -591.7659 -784.2148 14 5 -742.8750 -391.2910 15 3 -737.2979 -382.7297 16 4 -782.1572 17.1860 17 4 -775.7598 29.2507 18 2 -777.1172 585.8994
8.6740404367e-01 -8.8036406040e-01 -7.4335336685e+00
150 128 107
15 0 6 1095.3135 -791.5876 1 6 1101.8818 -785.7974 2 5 1236.6484 -497.2825 4 3 1299.3491 131.5573 6 3 541.4626 575.4402 7 4 538.1504 580.6010 8 5 349.3699 -316.2642 9 4 337.4763 -323.2433 10 4 211.6243 -882.8008 11 5 202.3284 -865.4497 12 5 -445.0356 -811.2822 14 6 -605.1199 -407.1372 16 5 -642.1060 2.1674 17 5 -636.0798 13.0956 18 3 -635.6885 565.7137
5.0520407967e-03 -9.1788446903e-01 -7.3617563248e+00
106 88 77
17 0 7 626.3823 -831.4407 1 7 631.1204 -827.3760 2 6 768.3665 -529.7910 3 3 777.7817 -524.0029 4 4 825.2148 106.7079 5 3 831.9026 109.2562 7 5 65.8577 558.2650 8 6 -107.7896 -343.4092 10 5 -246.8196 -915.5056 11 6 -256.9092 -897.1643 12 6 -916.4939 -841.5283 13 4 -925.0859 -832.5964 14 7 -1073.8672 -444.8074 15 4 -1067.3467 -436.4109 16 6 -1115.7207 -37.2354 17 6 -1109.1941 -24.6045 18 4 -1114.9414 539.1646
6.8522430956e-03 -1.8264737129e+00 -7.3255910873e+00
147 126 114
16 0 11 641.5276 -1341.6492 1 11 647.7451 -1338.5051 2 9 776.1978 -1031.7678 3 5 785.7351 -1025.3223 4 7 817.6870 -392.6682 6 7 68.7195 52.6567 8 8 -106.0464 -829.7590 9 6 -117.5801 -835.3677 10 7 -246.1758 -1412.9172 11 8 -256.6143 -1393.8191 12 9 -925.6804 -1343.3999 13 7 -934.4514 -1333.7236 15 6 -1057.1694 -925.1885 16 8 -1094.8815 -528.1296 17 10 -1089.5170 -515.3713 18 6 -1092.1218 39.8921
-2.6107721329e+00 3.0501296520e+00 -7.2969536781e+00
105 88 78
3 0 12 -862.5601 1316.6218 1 12 -865.0247 1319.7183 12 10 -2354.0371 1369.1564
-7.4719148874e-01 2.2905473709e+00 -7.4081635475e+00
154 138 127
5 0 13 165.1985 920.0245 1 13 165.7090 924.9721 3 6 335.9153 1227.1729 12 11 -1292.8046 893.4567 13 8 -1300.7688 901.7105
-4.7266757488e-01 3.1606981754e+00 -7.5487942696e+00
146 133 125
6 0 14 296.6658 1365.6775 1 14 295.7659 1370.6211 10 8 -495.8840 1203.4763 11 9 -499.4019 1222.3253 12 12 -1120.6719 1316.4365 13 9 -1127.8105 1325.3245
1.1328685284e+00 3.0512664318e+00 -7.7184734344e+00
123 107 85
4 0 15 1129.4692 1304.3138 1 15 1130.1777 1311.6917 14 9 -504.3230 1603.4509 15 7 -502.9233 1613.5613
-6.3096308708e-01 1.7988879681e+00 -7.3684387207e+00
135 120 110
10 0 17 236.7366 659.7837 1 17 237.0254 664.2020 4 8 486.7534 1660.9913 8 9 -458.1147 1119.4561 9 8 -465.3906 1110.2112 10 10 -588.2319 530.7820 11 11 -594.1050 549.3000 12 14 -1238.5713 634.7137 13 11 -1247.6058 642.7406 17 11 -1536.6793 1486.9296
8.5899519920e-01 1.6825519800e+00 -7.5990242958e+00
160 139 118
14 0 18 1027.7078 598.6798 1 18 1030.3071 605.4529 2 11 1188.7109 892.9081 3 8 1201.7568 896.8940 4 9 1314.3677 1572.7850 8 10 332.9155 1029.7559 9 9 323.0967 1019.4952 10 11 188.4475 452.0653 12 15 -434.5818 528.6428 13 12 -442.7639 536.6132 14 11 -633.1372 924.8441 15 8 -629.6267 934.2667 16 9 -696.0967 1367.2932 17 12 -686.1528 1379.0729
2.7637159824e+00 1.6108461618e+00 -7.7680149078e+00
139 118 95
15 0 20 2000.8623 579.1720 1 20 2005.0537 587.3933 2 13 2183.7778 866.1331 3 10 2198.4829 869.7319 4 11 2357.6953 1530.5928 5 6 2365.8921 1533.0376 9 11 1272.1582 962.8471 10 12 1121.9048 407.8151 11 13 1115.1567 420.4447 12 17 500.2957 456.7294 13 14 492.1042 463.1660 14 13 311.2737 862.5177 15 10 314.8118 873.6705 16 11 277.3906 1303.8243 17 14 286.9377 1312.2468
8.2980668545e-01 1.5791097879e+00 -7.5756301880e+00
143 123 104
10 0 21 1017.0234 545.3953 1 21 1018.7239 551.5637 4 12 1299.5996 1516.1035 8 11 318.3491 977.8311 9 12 308.8127 967.9627 12 18 -449.9944 478.3009 13 15 -458.3789 486.2583 14 14 -647.9436 873.4552 15 11 -643.9536 883.5593 16 12 -709.0552 1314.7109
2.5156849623e-01 3.3183348179e-01 -7.4357180595e+00
150 130 114
14 0 23 738.9094 -134.0095 1 23 742.4031 -129.1373 2 14 889.0518 161.5945 4 13 972.1438 808.6951 5 7 980.6191 811.8872 6 8 207.6243 1261.2103 7 8 204.4915 1266.6318 10 13 -118.0254 -243.2938 11 14 -125.7949 -225.9779 12 19 -767.6145 -164.2847 13 16 -775.8413 -155.5549 14 15 -947.4590 226.8451 15 12 -943.0667 235.7843 18 7 -1001.2490 1241.0325
-4.4447451830e-01 1.9683668017e-01 -7.3573408127e+00
128 108 94
15 0 24 362.2871 -219.6005 1 24 365.5044 -215.7638 2 15 510.1555 80.0121 3 11 521.2664 84.7870 5 8 591.1318 735.5586 6 9 -184.1826 1187.3254 7 9 -186.9548 1193.0635 8 12 -351.3062 253.5034 9 13 -361.7395 245.3385 11 15 -497.5159 -299.9677 12 20 -1155.8030 -233.8799 13 17 -1164.0576 -225.0858 14 16 -1334.8795 151.8821 16 13 -1398.4777 569.2650 18 8 -1404.3152 1171.8289
1.0676192492e-01 -1.3578660786e-01 -7.4040603638e+00
128 110 94
17 0 25 669.1931 -394.5957 1 25 673.7585 -389.6235 2 16 814.8547 -96.8088 3 12 825.0710 -91.6841 4 14 888.3159 544.5546 5 9 895.8196 547.6083 7 10 123.0098 998.5450 8 13 -54.4358 75.7562 9 14 -64.7883 68.0322 10 14 -194.0989 -492.8987 11 16 -202.1758 -474.9749 12 21 -852.1414 -415.2295 14 17 -1022.4012 -23.0216 15 13 -1017.8534 -14.8529 16 14 -1076.0319 390.1007 17 15 -1068.7534 402.6609 18 9 -1074.1475 977.1931
1.7626181841e+00 -2.3597985506e-01 -7.5544791222e+00
182 165 150
19 0 26 1554.1611 -416.3281 1 26 1558.6055 -409.4648 2 17 1705.0562 -130.5852 3 13 1717.2974 -126.8761 5 10 1801.1753 495.6688 6 10 1027.0737 933.6356 7 11 1023.8276 938.3706 8 14 807.0415 29.8234 9 15 793.9666 21.7749 10 15 665.9961 -528.9658 11 17 656.9929 -513.7551 12 22 22.3318 -461.8540 13 18 13.7869 -453.5718 14 18 -148.5310 -56.7356 15 14 -142.6606 -46.8984 16 15 -184.5449 357.0333 17 16 -178.2451 366.8738 18 10 -165.9475 916.6036 19 4 -159.5190 911.7332
-3.1440446377e+00 -9.9998310208e-02 -7.0859379768e+00
89 69 57
11 0 27 -1164.3848 -424.4546 1 27 -1162.5118 -424.0410 2 18 -996.3556 -108.1591 3 14 -981.3557 -100.4065 4 15 -950.5862 564.9209 5 11 -942.3252 567.8593 6 11 -1749.6825 1025.5226 7 12 -1752.1852 1032.6466 9 16 -1876.2666 87.4060 11 18 -2021.8424 -466.6257 12 23 -2813.0361 -389.5432
1.9581340253e-01 -5.7387441397e-01 -7.3869528770e+00
144 126 114
19 0 28 725.3716 -635.8491 1 28 730.4741 -631.4509 2 19 868.8479 -337.1659 3 15 879.1238 -332.2896 4 16 934.0435 298.9573 5 12 942.6677 302.1459 6 12 175.0410 745.9091 7 13 171.8657 751.2368 8 15 -6.3796 -158.4388 9 17 -17.3989 -165.5466 10 16 -145.9802 -728.2300 11 19 -154.9382 -710.0188 12 24 -807.1028 -652.6633 13 19 -816.4446 -643.5352 14 19 -970.7745 -256.7909 15 15 -964.7222 -248.0942 16 16 -1016.9005 152.9320 17 17 -1009.4637 165.3251 18 11 -1014.5928 731.2711
1.9193397760e+00 -7.7793443203e-01 -7.5346522331e+00
177 154 132
18 0 29 1652.6255 -708.7163 1 29 1657.6011 -702.2219 2 20 1798.1592 -423.9282 4 17 1870.6304 193.9509 5 13 1879.1445 196.1683 6 13 1103.6138 634.4677 7 14 1100.2788 639.3732 8 16 890.0459 -252.3059 9 18 877.4207 -259.7534 10 17 751.5410 -811.3799 11 20 742.7534 -795.5398 12 25 101.4324 -743.1501 13 20 92.9456 -734.8801 14 20 -62.5715 -331.3702 15 16 -56.8069 -321.4159 16 17 -95.2104 78.4946 17 18 -87.9585 88.0760 19 5 -71.5557 623.0873
6.5968883038e-01 -1.2120624781e+00 -7.3971424103e+00
145 127 114
13 0 32 990.7249 -981.1072 1 32 996.2588 -977.0969 2 22 1128.4863 -682.7283 4 19 1182.5425 -52.9240 6 16 426.9302 391.4635 8 18 240.7168 -495.3098 11 23 93.1738 -1048.2886 12 27 -559.0862 -993.7605 13 23 -567.6743 -984.9634 14 23 -712.7275 -587.2275 15 19 -706.3694 -578.0886 16 20 -748.1169 -179.7329 18 14 -743.1760 383.4171
4.9671707675e-03 -1.3555375338e+00 -7.3386011124e+00
143 126 115
17 0 33 634.0061 -1077.7629 1 33 639.5759 -1074.2327 2 23 771.7891 -771.2729 4 20 821.0779 -135.1522 5 15 828.4229 -132.5679 6 17 69.0642 309.8569 7 17 65.4097 315.2871 8 19 -107.5264 -578.8652 9 20 -118.7417 -584.5579 11 24 -257.3022 -1135.9915 12 28 -921.8218 -1083.4714 13 24 -930.6333 -1074.2375 14 24 -1070.0757 -681.3013 15 20 -1064.0302 -672.6379 16 21 -1106.5082 -274.6589 17 20 -1100.4730 -262.3376 18 15 -1104.6641 296.8267
-2.5153403282e+00 -1.3564960957e+00 -7.1120958328e+00
134 109 94
14 0 34 -792.7698 -1133.0642 1 34 -789.3826 -1133.2573 2 24 -633.6428 -805.4675 3 17 -620.9893 -796.5237 4 21 -583.6267 -143.6998 5 16 -576.5166 -140.2740 6 18 -1349.8730 301.0021 8 20 -1505.9709 -603.1843 9 21 -1514.7427 -607.2742 11 25 -1675.0073 -1170.9272 13 25 -2447.7893 -1118.2942 15 21 -2571.8164 -744.0371 17 21 -2618.0137 -330.7850 18 16 -2628.4666 263.1260
2.9548435211e+00 -1.9849935770e+00 -7.5941214561e+00
144 122 104
9 0 35 2220.3774 -1339.9153 1 35 2228.8408 -1332.2019 6 19 1610.6826 -2.9652 8 21 1405.0366 -858.2957 9 22 1388.9150 -865.4192 10 20 1282.4155 -1421.2771 11 26 1269.6973 -1406.0713 13 26 602.4937 -1335.2517 15 22 459.2776 -896.6616
7.3347783089e-01 -2.1940529346e+00 -7.3527784348e+00
118 99 88
15 0 36 1049.5100 -1532.3071 1 36 1057.9500 -1528.5657 2 25 1179.3882 -1225.3271 5 17 1217.9819 -586.5276 6 20 459.8628 -140.7347 7 18 456.3193 -135.5398 8 22 281.3667 -1016.2283 9 23 268.8262 -1021.4729 10 21 146.8582 -1601.0137 11 27 135.7310 -1582.2913 12 29 -526.4299 -1530.4971 13 27 -535.5151 -1521.3210 15 23 -656.1448 -1096.7834 16 22 -688.1711 -698.1292 18 17 -685.1582 -142.4312
4.6958189011e+00 2.7381026745e+00 -8.0426015854e+00
134 113 93
4 0 39 2887.7021 1159.6287 1 39 2890.8242 1170.3278 12 30 1326.1382 930.1245 14 25 1138.3662 1349.9866
2.3002722263e+00 2.7258214951e+00 -7.8028593063e+00
144 124 104
10 0 40 1727.5591 1143.3516 1 40 1728.5996 1151.0121 2 27 1916.6494 1443.5234 3 19 1932.7710 1448.5175 9 25 1034.3567 1525.7959 10 23 877.9680 947.2920 11 28 874.5593 962.2037 12 31 274.1851 998.3280 13 29 266.4463 1005.6794 15 24 76.8611 1421.5706
9.4611370564e-01 1.9256906509e+00 -7.6438322067e+00
164 143 125
12 0 43 1063.7935 724.0912 1 42 1064.6853 730.5210 2 30 1227.8599 1019.2981 9 28 364.9131 1141.1152 10 26 229.2463 571.0806 11 31 223.8506 587.2520 12 33 -388.7515 646.6603 13 31 -396.8137 654.5154 14 28 -589.9495 1044.2733 15 27 -586.9414 1054.1176 16 24 -653.3606 1491.4774 17 23 -643.6902 1503.2499
3.3564433455e-01 1.8396033049e+00 -7.5261116028e+00
121 103 87
11 0 44 751.8357 680.1245 1 43 752.5015 686.9111 2 31 912.6584 978.4448 3 21 926.3245 982.1381 8 25 60.9954 1121.3635 11 32 -84.3428 554.7018 13 32 -714.5149 632.1964 14 29 -912.6353 1018.4009 15 28 -909.5554 1027.8291 16 25 -986.3334 1465.4519 17 24 -976.5435 1478.3751
-2.2182376385e+00 5.3166425228e-01 -7.1957583427e+00
121 101 87
15 0 46 -634.6794 -56.0403 1 45 -632.3582 -53.8422 2 33 -478.0171 250.8595 4 23 -422.8423 925.7904 6 22 -1215.7571 1394.5394 7 19 -1218.7028 1401.7830 8 27 -1338.1521 440.0963 9 29 -1346.2323 433.7914 12 35 -2198.9333 -31.8361 13 34 -2207.1943 -22.6143 14 30 -2399.3896 337.3315 15 29 -2393.5811 343.9718 16 27 -2492.4150 758.3457 17 26 -2483.4492 774.2003 19 7 -2518.8044 1396.2731
2.4046686292e-01 4.1584295034e-01 -7.4394311905e+00
166 147 133
12 0 47 731.1570 -87.9628 1 46 734.5288 -83.0060 4 24 967.0706 856.8818 5 19 974.6714 859.7117 6 23 201.2310 1309.6196 10 27 -123.9268 -198.8196 11 34 -131.4795 -181.4550 12 36 -772.6072 -119.3584 13 35 -781.1160 -110.8066 15 30 -949.8276 280.1078 16 28 -1012.2944 691.9543 18 18 -1009.0494 1288.7805
-2.7268445492e+00 -5.9522610903e-01 -7.1142344475e+00
104 82 70
11 0 50 -918.9187 -702.1067 2 36 -757.8860 -382.4004 4 26 -708.6526 282.3599 7 21 -1494.6812 743.1473 8 30 -1627.7527 -183.3519 9 31 -1637.4252 -185.7478 15 33 -2716.1436 -306.9489 16 31 -2788.8096 91.7625 17 29 -2780.8967 108.3491 18 21 -2807.6938 715.2294 19 10 -2803.7844 715.5478
4.7884789109e-01 -9.8517757654e-01 -7.3978691101e+00
134 117 105
17 0 51 887.3564 -858.2104 1 49 892.9487 -854.0386 2 37 1027.8955 -559.7139 3 24 1036.4702 -554.6152 4 27 1085.0322 71.5050 5 21 1092.4539 73.9276 6 26 329.4790 516.2297 7 22 325.6387 521.6436 8 31 144.9875 -375.4250 9 32 132.3616 -382.6279 11 37 -3.7671 -927.5239 13 38 -664.3394 -863.5386 14 33 -812.5955 -470.9292 15 34 -806.5474 -462.1531 16 32 -851.0132 -62.8065 17 30 -844.8733 -51.0386 18 22 -846.8884 505.9711
-1.3060115576e+00 -1.2609024048e+00 -7.1507492065e+00
162 142 128
14 0 54 -102.0620 -1065.1284 1 52 -97.5793 -1063.7017 2 39 44.1133 -746.7700 4 30 93.2202 -94.4288 5 24 100.0762 -91.5460 8 34 -832.0825 -547.9792 9 35 -842.3994 -553.4766 10 32 -981.0962 -1133.2078 11 40 -990.5483 -1112.9497 12 40 -1693.5796 -1061.7500 13 40 -1702.8622 -1051.9773 16 35 -1885.2549 -264.8522 17 32 -1878.2651 -249.9194 18 25 -1889.7527 330.1639
5.1692050695e-01 -1.5193983316e+00 -7.3781795502e+00
126 109 98
17 1 53 923.7627 -1152.1125 2 40 1053.1042 -854.0144 3 25 1062.4153 -848.2896 4 31 1099.7617 -222.0966 5 25 1106.8667 -219.7341 6 28 347.2544 222.4102 8 35 165.9421 -659.8367 9 36 154.0486 -665.5869 10 33 28.7856 -1234.9019 11 41 18.0142 -1216.9558 12 41 -639.6128 -1163.0940 13 41 -648.0415 -1153.9822 14 34 -786.7488 -753.6370 15 35 -780.0715 -744.2163 16 36 -819.8984 -346.9711 17 33 -814.2534 -335.4218 18 26 -815.3892 215.2224
-2.7035129070e+00 -1.5431159735e+00 -7.0689992905e+00
122 103 92
12 0 55 -902.6587 -1247.2180 1 54 -898.5864 -1247.5022 2 41 -741.1921 -914.6702 4 32 -691.7666 -248.3727 8 36 -1617.3068 -710.0945 9 37 -1627.0294 -713.9097 10 34 -1785.6198 -1306.2085 11 42 -1793.8617 -1283.3901 12 42 -2573.2690 -1246.8103 15 36 -2701.2896 -860.7544 18 27 -2748.9241 151.1277 19 12 -2741.3240 148.9025
8.1190019846e-02 -2.3054585457e+00 -7.3053755760e+00
138 117 105
6 1 56 698.3147 -1608.9893 6 30 109.0566 -205.5334 7 25 104.4558 -199.5529 12 43 -890.2517 -1610.0686 13 42 -899.4763 -1600.6763 16 38 -1041.8120 -782.2229
-7.0240330696e-01 3.1521632671e+00 -7.5378193855e+00
137 123 110
6 0 56 174.8201 1359.5693 1 57 173.6843 1364.4280 10 35 -613.7615 1201.3541 11 44 -617.0481 1220.4969 12 44 -1243.8840 1320.3424 13 43 -1252.1849 1328.4669
-3.0988529325e-01 3.0495183468e+00 -7.5413441658e+00
105 87 75
8 0 57 386.2629 1311.5842 1 58 385.6172 1316.6118 2 43 548.2107 1616.3960 3 27 561.6421 1620.7833 10 36 -412.9731 1149.3655 11 45 -416.6375 1167.5320 12 45 -1035.4545 1257.2804 13 44 -1043.9706 1265.2983
-2.6420688629e+00 3.0248861313e+00 -7.2908015251e+00
107 90 82
3 0 58 -880.3423 1303.9441 1 59 -882.2212 1306.3208 11 46 -1663.1693 1206.4269
-1.4594796896e+00 3.0117924213e+00 -7.4142370224e+00
105 88 75
7 0 59 -229.9727 1294.8540 1 60 -231.6624 1298.9855 3 28 -57.1077 1603.9679 10 37 -1015.6635 1153.1904 11 47 -1020.2593 1173.2422 12 46 -1674.6033 1290.7998 13 45 -1682.7358 1299.6243
2.0692346096e+00 3.0307242870e+00 -7.8348083496e+00
176 155 134
5 0 60 1595.8535 1289.9060 1 61 1595.6216 1296.6801 10 38 759.0264 1089.4678 11 48 755.0959 1103.8411 12 47 161.0151 1144.7468
-2.7111518383e+00 2.9559485912e+00 -7.2682681084e+00
74 61 53
5 0 61 -920.4724 1269.0676 1 62 -921.9116 1271.6519 11 49 -1705.4611 1174.8628 12 48 -2422.5176 1326.8733 13 46 -2430.6421 1334.9711
2.4717102051e+00 2.9526920319e+00 -7.8170952797e+00
138 114 90
5 0 62 1807.3301 1260.3568 1 63 1809.3813 1268.9104 3 29 2019.2114 1569.1156 11 50 952.1770 1068.5034 12 49 354.3833 1101.5845
-6.0541838408e-01 2.7965354919e+00 -7.4974660873e+00
105 87 77
11 0 65 232.8499 1180.1399 1 66 231.7483 1184.8588 2 46 392.9084 1484.7230 3 31 407.2285 1488.5426 8 38 -439.2090 1634.9065 9 39 -447.5938 1624.3367 10 41 -564.9751 1028.6406 11 53 -568.9927 1047.6357 12 51 -1201.7942 1141.4827 13 49 -1209.4723 1149.8652 15 37 -1430.5765 1550.1904
-1.6639595032e+00 2.7845711708e+00 -7.3905711174e+00
106 91 79
12 0 66 -338.3352 1173.5415 1 67 -339.8933 1177.3899 2 47 -180.6250 1477.9539 3 32 -166.7554 1482.3019 8 39 -1016.4581 1650.3284 9 40 -1022.9089 1641.0197 10 42 -1126.7275 1040.8599 11 54 -1131.4320 1061.1421 12 52 -1796.3033 1179.7395 13 50 -1805.2800 1188.5637 14 37 -2048.9595 1574.8915 15 38 -2048.0308 1583.0173
3.4790592194e+00 2.5287370682e+00 -7.9257292747e+00
153 133 118
4 0 69 2307.5781 1045.2462 1 70 2309.8740 1054.9568 8 41 1608.8340 1418.3916 9 42 1596.7275 1405.6616
-1.5002764463e+00 2.4644250870e+00 -7.3808817863e+00
121 104 93
9 0 70 -246.9673 1005.3159 1 71 -247.1257 1009.2175 2 49 -89.7126 1309.5054 3 34 -75.2275 1314.1200 9 43 -935.4124 1469.0537 12 54 -1710.9955 1005.4700 13 52 -1718.2013 1013.8240 14 39 -1954.0615 1396.9183 15 40 -1951.9507 1405.4370
-1.4938078821e-01 2.4424936771e+00 -7.5135827065e+00
100 85 74
11 0 71 481.9458 996.2737 1 72 483.7207 1001.7056 2 50 643.0598 1298.4617 8 42 -196.8489 1444.0823 9 44 -205.6191 1433.5283 10 44 -330.2224 846.8317 11 56 -335.4058 864.3113 12 55 -959.1016 946.0693 13 53 -966.7230 954.2674 14 40 -1179.5262 1343.2881 15 41 -1177.5338 1352.1234
1.3206267357e+00 2.4428565502e+00 -7.6821308136e+00
110 90 71
9 0 72 1244.6055 997.1575 1 73 1246.6899 1003.6981 3 35 1433.5767 1300.6819 8 43 563.7629 1415.4755 9 45 553.8630 1403.6323 10 45 410.7351 824.7288 11 57 405.8232 840.5134 12 56 -197.2117 894.7204 13 54 -204.9473 902.5938
2.6011981964e+00 2.4366466999e+00 -7.8212080002e+00
148 123 95
7 0 73 1885.4976 997.1721 1 74 1886.4673 1004.8921 2 51 2076.9663 1293.7377 8 44 1195.6865 1390.0183 10 46 1023.4927 803.9395 12 57 415.9043 852.3248 13 55 408.8059 859.6626
6.5781414509e-01 2.4232916832e+00 -7.6041188240e+00
91 73 54
12 0 74 905.8525 987.6317 1 75 906.9670 993.4635 2 52 1071.8826 1287.0483 3 36 1087.0354 1290.8953 8 45 225.7153 1418.7181 9 46 216.6565 1407.3511 10 47 82.1052 824.7543 11 58 77.3123 841.2684 12 58 -533.7383 907.8060 13 56 -540.2476 915.3673 14 41 -745.0317 1308.4719 15 42 -742.4175 1318.3787
-6.0650940984e-02 2.3591940403e+00 -7.5185155869e+00
130 114 103
11 0 75 531.1401 952.7517 1 76 531.2122 958.0792 2 53 691.9543 1254.0001 8 46 -149.9033 1399.1855 9 47 -157.6968 1389.1252 10 48 -284.1301 803.6693 11 59 -289.3684 821.0479 12 59 -912.2629 900.2188 13 57 -920.3618 908.4263 14 42 -1130.5912 1297.1169 15 43 -1128.3114 1306.4158
3.6842575669e-01 2.3451428413e+00 -7.5749688148e+00
155 138 123
7 0 76 757.2083 945.0331 1 77 757.4321 950.8862 3 37 931.9495 1248.4635 8 47 76.2944 1382.2974 9 48 66.7156 1371.4901 11 60 -68.8760 806.0443 12 60 -684.5884 877.1625
-6.7467707396e-01 2.2977261543e+00 -7.3936324120e+00
127 112 102
10 0 77 204.6624 926.6849 1 78 205.6404 931.6091 2 54 362.6831 1230.2866 3 38 377.6221 1234.4468 8 48 -481.8689 1386.4175 9 49 -489.3418 1376.2865 11 61 -613.3765 806.7894 12 61 -1253.4589 896.7802 14 43 -1480.8018 1292.0103 15 44 -1478.0469 1300.5784
-1.9674420357e+00 2.2704625130e+00 -7.3133931160e+00
108 87 74
7 0 78 -503.8774 902.2924 1 79 -503.0981 905.0916 2 55 -346.0098 1205.3307 3 39 -331.4663 1210.1985 8 49 -1189.0885 1384.3723 11 62 -1307.2933 805.8434 14 44 -2239.1934 1308.4381
-5.7803177834e-01 2.1917519569e+00 -7.4003872871e+00
123 107 97
11 0 79 259.3101 870.4333 1 80 258.6262 874.7676 2 56 417.6318 1172.6583 8 50 -428.7021 1327.7134 9 50 -436.6614 1318.3287 10 49 -557.1531 732.2875 11 63 -562.7793 751.1061 12 62 -1201.7014 838.5215 13 58 -1209.6558 846.6050 14 45 -1425.0737 1232.1654 15 45 -1422.4731 1240.8756
-6.3323169947e-01 2.1782689095e+00 -7.3915324211e+00
150 135 129
11 0 80 229.3313 863.1505 1 81 229.4219 867.5543 2 57 387.6748 1165.6139 3 40 400.7173 1170.2726 8 51 -458.5068 1322.1827 9 51 -466.8911 1311.6775 10 50 -587.1748 726.4091 11 64 -592.6924 744.7292 12 63 -1233.1068 833.8436 13 59 -1240.8982 842.1336 14 46 -1456.5883 1226.9617
-2.1807429790e+00 2.1792531013e+00 -7.3018660545e+00
106 88 78
12 0 81 -619.9202 850.8456 1 82 -620.6299 853.4880 2 58 -462.1565 1153.7537 3 41 -446.9355 1157.8586 8 52 -1307.5652 1337.7422 9 52 -1313.7987 1328.7430 10 51 -1418.6383 738.7749 11 65 -1424.0656 759.7355 12 64 -2119.6440 878.4645 13 60 -2126.9546 887.2487 14 47 -2367.8127 1261.8955 15 46 -2365.1533 1269.2242
-2.7871510983e+00 2.1460623741e+00 -7.2161445618e+00
107 91 81
6 0 82 -962.4264 833.9360 1 83 -963.4091 836.1006 2 59 -801.3105 1136.5010 3 42 -785.2158 1142.3923 14 48 -2762.6357 1268.5083 15 47 -2758.7578 1274.7422
-2.3149383068e-01 2.1306412220e+00 -7.4825973511e+00
108 95 87
10 0 83 445.0991 832.2247 1 84 445.8665 837.2771 2 60 603.5061 1132.5250 8 53 -240.5266 1282.4563 9 53 -248.8408 1273.4202 11 66 -378.9307 709.3463 14 49 -1224.7926 1182.4056 15 48 -1222.1561 1191.5820 16 39 -1312.4321 1638.7002 17 35 -1302.3203 1652.2611
1.8140581846e+00 1.9771053791e+00 -7.7032895088e+00
136 116 93
13 0 85 1511.4150 760.0414 1 86 1513.0435 767.3757 2 61 1683.6479 1052.8260 8 55 815.4614 1170.4294 9 55 803.6338 1158.6777 10 52 659.0398 592.1602 11 68 653.2034 606.6293 12 65 44.9561 653.2130 13 62 37.2803 661.1068 14 51 -151.6008 1056.0021 15 49 -147.4553 1067.9150 16 41 -200.6025 1505.8651 17 37 -191.3618 1516.0323
-5.6196641922e-01 1.9334766865e+00 -7.3894786835e+00
81 65 56
14 0 87 272.1907 731.8453 1 88 272.6748 736.2249 2 63 429.3755 1032.5725 3 45 441.4785 1036.4302 8 57 -419.5488 1189.9999 9 57 -427.5986 1180.4575 10 54 -550.2363 599.2802 11 70 -555.9512 617.4116 12 67 -1197.8984 702.5326 13 64 -1205.8574 710.8517 14 53 -1414.0498 1092.9614 15 51 -1411.9136 1101.4644 16 43 -1507.3462 1546.4233 17 39 -1497.3257 1559.7975
1.0350766182e+00 1.9057538509e+00 -7.6445074081e+00
139 119 99
14 0 88 1111.4570 715.5684 1 89 1112.9126 721.6246 2 64 1275.6665 1010.0030 3 46 1288.3706 1013.4283 8 58 421.2268 1141.1836 9 58 410.9116 1130.3141 10 55 274.2158 560.7659 11 71 268.3987 576.9860 12 68 -343.5588 635.4089 13 65 -351.7070 643.4739 14 54 -543.6631 1033.1642 15 52 -540.7876 1042.8445 16 44 -605.6396 1480.3835 17 40 -595.9883 1492.1694
1.7835164070e+00 1.8352284431e+00 -7.6871170998e+00
103 84 64
16 0 89 1500.4785 686.6614 1 90 1502.7471 693.4800 2 65 1671.5049 978.4449 3 47 1686.0537 982.6498 4 33 1826.1040 1658.3024 5 26 1833.4019 1661.6042 8 59 802.5459 1099.8182 9 59 791.0925 1088.3069 10 56 646.6731 522.9409 11 72 641.2871 537.7979 12 69 29.8945 585.0846 13 66 23.4897 592.5383 14 55 -163.9590 987.3105 15 53 -160.4983 997.6886 16 45 -213.1980 1433.9448 17 41 -205.6638 1444.4559
-6.2706196308e-01 1.8213735819e+00 -7.3725032806e+00
113 96 85
11 0 90 238.5867 671.7047 1 91 239.7422 676.0005 2 66 394.3218 972.0049 3 48 408.1030 975.5891 8 60 -455.3848 1131.2510 9 60 -463.8704 1121.8213 11 73 -592.0129 560.8429 12 70 -1236.4264 645.5564 13 67 -1244.0201 654.0879 16 46 -1543.9785 1485.2665 17 42 -1534.6937 1498.9386
-1.5124645829e-01 1.7791937590e+00 -7.4748048782e+00
153 136 124
14 0 91 494.3438 645.8375 1 92 495.0898 650.7618 2 67 651.1748 944.6002 3 49 664.2322 948.0711 4 34 755.0691 1637.7418 5 27 763.2380 1640.7351 8 61 -196.9016 1095.5972 10 57 -332.3386 511.4824 11 74 -337.3491 528.8250 13 68 -977.3938 613.2567 14 56 -1177.9797 995.7691 15 54 -1174.9474 1004.5897 16 47 -1260.1583 1442.7775 17 43 -1249.5940 1455.7616
-5.7903897762e-01 1.7629849911e+00 -7.3863883018e+00
101 85 74
15 0 92 265.2363 638.8328 1 93 265.9189 643.2708 2 68 421.6328 939.2272 3 50 433.1565 942.9518 4 35 516.0569 1637.9518 5 28 522.7859 1640.6345 8 62 -428.3245 1098.0088 9 61 -436.3264 1088.7524 10 58 -559.6309 510.9098 11 75 -565.8213 528.7258 12 71 -1209.6877 612.3807 13 69 -1217.8716 620.7091 14 57 -1421.8707 1000.4104 16 48 -1513.4398 1449.6824 17 44 -1503.5120 1463.2368
-1.9162800312e+00 1.7698239088e+00 -7.2895174026e+00
92 74 63
15 0 93 -471.9224 632.2379 1 94 -473.1060 634.6945 2 69 -314.4907 934.0291 3 51 -302.5752 937.6763 4 36 -249.4172 1642.7241 5 29 -242.4436 1645.1385 8 63 -1163.1144 1113.8062 9 62 -1169.5936 1106.1284 10 59 -1282.4191 523.6969 11 76 -1288.0062 544.3055 13 70 -1985.4939 658.6570 14 58 -2208.2048 1028.7246 15 55 -2205.4014 1035.7061 16 49 -2328.5405 1479.8373 17 45 -2317.9985 1495.7512
9.4761776924e-01 1.7496759892e+00 -7.6218771935e+00
130 108 87
16 0 94 1070.7803 633.7484 1 95 1072.2454 639.9823 2 70 1233.5054 927.9717 3 52 1246.2627 931.4684 4 37 1361.4526 1608.4143 5 30 1370.8711 1612.4653 8 64 377.3831 1062.2959 9 63 367.2456 1051.5559 10 60 232.1433 484.9254 11 77 226.0708 500.4387 12 72 -389.0503 559.8022 13 71 -397.0842 567.8091 14 59 -587.4409 956.4904 15 56 -584.2446 966.0774 16 50 -649.1907 1400.5137 17 46 -640.0352 1412.0383
1.1790591478e+00 1.7409921885e+00 -7.6183357239e+00
169 149 131
14 0 95 1194.8125 633.4629 1 96 1195.7769 639.7667 2 71 1358.5757 926.8452 4 38 1493.5020 1607.5006 5 31 1502.5151 1611.0825 8 65 497.6858 1058.3953 9 64 486.8152 1047.1829 10 61 349.4905 481.0977 11 78 343.8093 496.6283 12 73 -270.1516 552.7516 13 72 -278.2883 560.5503 14 60 -467.9136 950.6579 15 57 -464.9387 960.0515 16 51 -526.3008 1395.1344
-1.4494651556e+00 1.7134855986e+00 -7.3392376900e+00
141 126 116
15 0 97 -211.9519 603.1117 1 98 -211.4646 606.6965 2 73 -56.3835 904.6254 4 40 17.5103 1605.9167 5 32 25.6536 1608.7504 8 67 -902.4858 1076.9841 9 66 -910.3831 1068.5654 10 63 -1026.2030 489.0397 11 79 -1032.0135 508.4823 12 75 -1702.0496 605.6127 13 74 -1710.3999 614.1312 14 62 -1924.4860 987.5310 15 58 -1922.4515 995.2955 16 53 -2031.3241 1433.9596 17 48 -2021.6086 1448.6334
8.8031262159e-01 1.6456984282e+00 -7.6036677361e+00
160 139 118
14 0 98 1039.5706 579.0626 1 99 1040.3828 585.0961 2 74 1200.8887 873.1110 3 54 1213.3975 876.8303 4 41 1325.3486 1551.2448 5 33 1332.6216 1554.2830 8 68 343.6646 1009.8675 10 64 199.1814 433.1588 11 80 192.6470 449.2001 12 76 -424.1655 509.2273 13 75 -432.0642 517.4125 14 63 -621.3938 905.2866 15 59 -618.0686 914.9434 16 54 -683.2959 1346.7639
-1.6684604883e+00 1.6648004055e+00 -7.3140277863e+00
111 94 84
16 0 99 -332.5564 575.5134 1 100 -332.7847 578.5426 2 75 -176.7034 877.1692 3 55 -163.9001 881.5140 4 42 -107.3621 1579.5519 5 34 -99.9995 1582.3207 8 69 -1024.6774 1053.3745 9 67 -1031.7778 1045.1367 10 65 -1146.6145 465.3927 11 81 -1153.1517 485.3517 12 77 -1832.8716 585.2928 13 76 -1840.3521 593.9371 14 64 -2055.3774 964.5375 15 60 -2053.4546 972.3911 16 55 -2167.0095 1411.3246 17 49 -2156.7070 1426.1953
-1.4121396542e+00 1.6397520304e+00 -7.3269734383e+00
134 118 106
15 0 100 -190.9736 564.3003 1 101 -190.5994 567.7283 2 76 -36.0217 865.8817 3 56 -21.2842 869.6595 4 43 38.9751 1565.0293 5 35 46.4595 1568.1222 8 70 -883.6133 1038.3961 9 68 -891.7041 1029.7990 10 66 -1008.2816 450.8960 11 82 -1014.3801 470.5862 12 78 -1684.9126 565.9668 14 65 -1903.4856 947.1302 15 61 -1902.3262 955.3669 16 56 -2008.4594 1392.4663 17 50 -1998.6342 1407.3510
8.8146913052e-01 1.6173697710e+00 -7.5951657295e+00
151 131 113
16 0 101 1041.6409 565.3284 1 102 1042.6582 570.6725 2 77 1202.3589 859.0233 3 57 1216.1982 863.0674 4 44 1326.3584 1535.8278 5 36 1335.4272 1539.2450 8 71 344.5886 995.8154 9 69 334.1580 985.0923 10 67 200.1467 419.2795 11 83 193.7837 435.2151 12 79 -423.3770 495.6619 13 77 -431.3440 503.7496 14 66 -620.8066 891.3062 15 62 -617.2993 900.9144 16 57 -682.2812 1332.5581 17 51 -672.6465 1344.1343
-1.1249088049e+00 1.6334789991e+00 -7.3606843948e+00
131 115 104
14 0 102 -32.0056 561.7664 1 103 -31.2458 565.6589 2 78 122.8308 862.9142 3 58 136.1348 867.5339 5 37 210.4399 1563.0057 8 72 -724.2461 1031.2000 9 70 -732.4658 1022.4641 10 68 -851.7129 444.8711 11 84 -857.8928 464.0156 12 80 -1517.4219 554.1648 13 78 -1526.0718 563.1815 14 67 -1732.7817 937.1469 15 63 -1729.7094 945.4254 16 58 -1831.8927 1381.6484
1.1459334195e-01 1.6188415289e+00 -7.4967122078e+00
99 84 72
16 0 103 639.2305 561.5919 1 104 640.5537 566.8811 2 79 796.7444 858.6703 3 59 808.6365 862.2274 4 45 903.8040 1543.5092 5 38 910.8696 1545.9971 8 73 -54.9028 1007.3445 9 71 -64.2065 998.0471 10 69 -192.2913 426.8353 11 85 -198.1829 443.8691 12 81 -827.5461 515.0896 13 79 -835.5701 523.3806 14 68 -1030.8795 906.7338 15 64 -1027.5149 915.7189 16 59 -1105.5186 1349.2556 17 52 -1096.2557 1361.7010
-2.9891202450e+00 1.6410480738e+00 -7.1866264343e+00
121 108 100
6 0 104 -1074.4041 555.1393 1 105 -1075.3585 556.9122 2 80 -911.8169 858.6922 3 60 -895.5269 864.6290 5 39 -860.7290 1574.3114 10 70 -1883.8516 464.5916
-1.1600098610e+00 1.6005479097e+00 -7.3563003540e+00
111 94 81
16 0 105 -50.7888 543.8020 1 106 -50.8486 547.5624 2 81 103.9619 844.7527 3 61 115.9241 848.6155 4 46 183.2649 1540.8120 5 40 190.8240 1543.9497 8 74 -743.5537 1013.7499 9 72 -752.0833 1004.8784 10 71 -870.5029 428.2307 11 86 -876.4290 446.8638 12 82 -1537.9512 537.0312 13 80 -1545.9965 545.8595 14 69 -1754.2272 919.9388 15 65 -1750.4308 927.7410 16 60 -1852.0142 1364.4948 17 53 -1843.2231 1378.2953
-9.6660770476e-02 1.5626887083e+00 -7.4718947411e+00
106 88 73
13 0 107 527.3848 530.2974 1 108 529.2102 535.3922 2 83 683.0508 827.7277 4 48 784.5354 1512.1326 5 42 792.6931 1515.3556 8 76 -166.6106 979.9651 10 73 -303.0632 399.2373 11 88 -309.4065 416.7739 12 83 -943.0391 490.6992 13 82 -950.8706 499.1829 14 71 -1146.3955 880.4992 15 66 -1143.1814 889.2342 17 55 -1214.0490 1334.9739
1.0593748093e+00 1.5493916273e+00 -7.6042408943e+00
139 121 102
16 0 108 1137.2842 531.4689 1 109 1138.5483 537.4437 2 84 1297.5376 823.7242 3 63 1311.8604 828.2795 4 49 1423.4971 1496.5868 5 43 1433.4951 1500.3625 8 77 436.4651 958.8850 9 74 426.1980 948.8583 10 74 290.3655 384.4309 11 89 284.8735 400.5320 12 84 -332.2744 457.5819 13 83 -339.8796 465.9673 14 72 -527.5415 854.7676 15 67 -524.4849 864.3777 16 62 -586.2234 1294.3184 17 56 -576.9976 1305.6218
-1.1767810583e+00 1.5588835478e+00 -7.3487606049e+00
148 131 119
15 0 110 -59.9021 521.2919 1 111 -58.7161 524.8309 2 86 94.9548 822.8276 3 65 107.4456 826.6302 4 51 173.4751 1517.2041 5 45 180.7371 1520.2311 8 79 -753.7578 991.8056 9 76 -761.1694 983.7149 10 76 -880.7036 406.8297 11 91 -886.6501 425.5388 12 86 -1549.2341 515.6371 13 85 -1557.8003 524.2161 15 68 -1760.6954 905.4699 16 64 -1862.3103 1341.2271 17 58 -1852.4629 1355.3978
-2.3434081078e+00 1.5611726046e+00 -7.2376809120e+00
108 90 78
15 0 111 -710.9307 515.3157 1 112 -710.4163 517.5411 2 87 -551.6536 818.3942 3 66 -537.7922 823.4879 4 52 -496.5251 1523.7949 5 46 -488.9077 1526.5100 8 80 -1403.0529 1004.1210 9 77 -1410.4493 996.8005 10 77 -1523.5175 417.2983 11 92 -1529.5370 437.8505 12 87 -2243.1006 547.6135 14 74 -2475.7632 921.7135 15 69 -2472.0691 928.4316 16 65 -2599.9429 1367.5200 17 59 -2589.0493 1383.6628
-4.3845641613e-01 1.5363029242e+00 -7.4251046181e+00
104 88 72
15 0 112 343.9004 514.2433 1 113 344.7871 518.7831 2 88 499.7957 813.2806 3 67 510.8877 817.1463 4 53 593.3511 1500.2343 5 47 599.9639 1503.0980 8 81 -350.1882 970.7832 9 78 -358.6572 961.7153 10 78 -483.6152 389.0000 11 93 -488.8899 406.9406 12 88 -1131.2402 485.5480 13 86 -1140.2366 494.0493 15 70 -1334.9272 881.0825 16 66 -1421.7875 1314.4938 17 60 -1413.6891 1328.1299
-2.6221209764e-01 1.5280309916e+00 -7.4495677948e+00
112 95 82
16 0 113 439.1890 510.3666 1 114 440.4902 515.0674 2 89 594.2954 808.7177 3 68 606.7161 812.6977 4 54 691.6443 1493.6091 5 48 700.0068 1496.6151 8 82 -255.1482 963.6368 9 79 -264.0281 954.2455 10 79 -390.0615 382.9315 11 94 -396.1921 400.7675 12 89 -1033.9707 476.6987 13 87 -1042.0823 485.1096 14 75 -1238.7318 864.9965 15 71 -1234.9803 873.7149 16 67 -1318.8462 1306.3895 17 61 -1309.2587 1319.8558
1.8922591209e+00 1.4927928448e+00 -7.6662559509e+00
160 140 120
16 0 114 1569.4312 510.2220 1 115 1571.6860 517.2588 2 90 1738.9062 799.8178 3 69 1753.0552 803.8669 4 55 1882.7568 1464.8221 5 49 1892.1108 1468.3645 8 83 860.8193 924.7520 9 80 848.3003 912.9681 10 80 706.3484 353.7485 11 95 699.6975 368.2605 12 90 85.5120 414.7593 13 88 77.3618 422.2318 14 76 -105.4060 816.5096 15 72 -102.1743 826.5475 16 68 -151.2432 1255.9709 17 62 -142.0676 1266.0862
1.4805674553e+00 1.4243381023e+00 -7.6261916161e+00
137 119 99
15 0 116 1359.2900 469.6571 1 117 1361.7373 476.2028 2 91 1525.2969 760.9902 3 71 1537.5200 764.6346 4 57 1656.6343 1426.3105 5 51 1665.1909 1429.1714 8 85 653.4790 892.6092 10 82 503.6377 320.4930 11 96 497.4241 335.8103 12 92 -118.5391 387.4347 13 90 -127.0381 395.4191 14 78 -310.6602 787.1762 15 74 -307.5251 796.9943 16 70 -361.6343 1224.8188 17 63 -353.1809 1235.4779
-1.2263177633e+00 1.4525034428e+00 -7.3308906555e+00
171 154 142
14 0 117 -86.8145 463.2356 1 118 -85.7742 467.1960 3 72 81.2744 770.7549 4 58 145.1946 1457.1869 8 86 -781.8828 935.2734 9 82 -789.3054 927.5228 10 83 -909.0410 350.8473 11 97 -915.2651 370.8225 12 93 -1581.2450 460.1180 13 91 -1589.2006 468.6591 14 79 -1794.6628 841.5532 15 75 -1791.4116 849.3224 16 71 -1891.0614 1282.7457 17 64 -1882.6055 1296.6655
2.1207566261e+00 1.3874310255e+00 -7.6769509315e+00
160 140 120
16 0 118 1689.7969 457.6746 1 119 1692.9541 465.5638 2 92 1861.4951 745.8100 3 73 1876.4097 750.2363 4 59 2007.5869 1405.9429 5 52 2016.3521 1408.4470 8 87 975.8557 869.1351 9 83 963.6064 858.0025 10 84 819.7205 300.8232 11 98 813.3962 315.1527 12 94 197.3533 358.8425 13 92 189.6133 366.4878 14 80 7.9797 761.4083 15 76 12.4856 772.3859 16 72 -33.1917 1199.3063 17 65 -24.1902 1209.0360
-1.2468113899e+00 1.4232910872e+00 -7.3252768517e+00
171 154 143
15 0 119 -97.1833 447.7271 1 120 -96.3931 451.3829 2 93 57.2090 749.0726 3 74 68.8672 753.1539 4 60 133.5618 1440.9326 5 53 140.8962 1443.5477 8 88 -793.2502 920.1832 9 84 -801.5386 911.4896 10 85 -920.0608 336.3391 11 99 -926.7102 355.5583 12 95 -1594.1980 444.5186 13 93 -1601.7209 453.7169 14 81 -1808.2964 825.6775 16 73 -1903.3555 1266.6088 17 66 -1894.4033 1281.2225
-2.8249545097e+00 1.4026138783e+00 -7.1828274727e+00
92 75 64
